01013500
01030500
01031500
01047000
01055000
01123000
01144000
01162500
01169000
01170100
01181000
01350000
01413500
01466500
01485500
01487000
01516500
01542810
01545600
01547700
01548500
01550000
01552000
01567500
01568000
01580000
01583500
01594950
01638480
02011460
02013000
02015700
02027500
02053200
02053800
02077200
02137727
02196000
02216180
02231000
02312200
02371500
02450250
02464000
02472500
03010655
03011800
03026500
03028000
03049800
03069500
03070500
03140000
03213700
03237280
03280700
03364500
03456500
03504000
03574500
04015330
04024430
04040500
04043050
04056500
04057800
04059500
04063700
04115265
04122200
04122500
04224775
04256000
04296000
05131500
05399500
05444000
05454000
05489000
05495000
05495500
05501000
05503800
05507600
05514500
05525500
05556500
05584500
05595730
06278300
06291500
06311000
06339100
06344600
06350000
06353000
06404000
06453600
06464500
06623800
06775500
06910800
07057500
07060710
07067000
07142300
07148400
07301500
07335700
07340300
07362587
08023080
08066200
08086290
08104900
08175000
08190500
08267500
08269000
08324000
08377900
08380500
09034900
09047700
09066000
09066200
09352900
09430500
10205030
10234500
10244950
10249300
10310500
10343500
11141280
11237500
12010000
12041200
12073500
12082500
12114500
12115500
12147600
12186000
12189500
12375900
12390700
12411000
12414500
12451000
12488500
13011900
13018300
13023000
13235000
13240000
13331500
13337000
13340000
13340600
14138900
14139800
14141500
14166500
14236200
14301000
14303200